focal_length: 50.0
sensor_width: 36.0
sensor_height: 24.0
iso: 100
exposure_time: 0.016666666666666666  # 1/60 seconds